2,17
1,630,60,0,0,0,1,5
7,245,55,0,0,0,0,1
4,258,55,0,10,532,0,2
4,308,55,0,10,532,0,2
4,355,55,0,10,532,0,2
3,338,80,0,0,0,0,0,2
3,435,80,0,0,0,0,0,3
4,455,55,0,10,532,0,3
3,578,80,0,0,0,1,0,4
3,645,86,0,0,0,8,0,5
3,769,106,0,0,0,3,1,6
2,550,150,1,0,0,1,4
2,722,150,1,0,0,1,4
6,815,89,1,805,835,0,6
3,898,140,0,0,0,7,1,7
7,930,120,1,0,0,1,7
7,951,120,0,0,0,1,7
2,1061,146,0,0,0,1,8
3,1155,76,0,0,0,1,1,7
3,1186,140,0,0,0,2,1,7
6,1235,125,1,1215,1245,1,10
4,1300,121,0,1286,1368,1,10
3,1330,140,0,0,0,1,0,9
7,1290,55,1,0,0,0,10
5,1376,54,1,1122,1394,0,11
4,1458,121,1,1450,1460,1,12
4,1491,154,1,1475,1530,1,12
2,1574,125,0,0,0,1,13
3,1666,76,0,0,0,5,0,13
2,1730,140,1,0,0,0,14
2,1876,140,1,0,0,0,15
3,1858,76,0,0,0,6,0,15
4,1890,56,0,1798,2000,0,15
4,1972,56,0,1798,2000,0,16