2,25
4,304,90,0,274,404,0,2
4,400,90,0,274,404,0,2
4,885,90,0,862,894,0,7
4,1158,60,0,1156,1240,0,9
4,1239,60,0,1156,1240,0,10
4,1910,150,0,1900,1940,1,15
4,2980,60,0,2960,3050,0,24
2,915,175,1,0,0,1,7
2,1440,165,1,0,0,1,11
2,1450,175,0,0,0,1,12
2,2400,160,1,0,0,1,20
2,2680,160,1,0,0,1,22
2,3000,160,1,0,0,1,24
6,1070,60,0,1050,1074,0,8
6,1165,150,0,1110,1170,1,9
7,2742,110,0,0,0,1,22
8,355,110,0,0,0,0,1,2
8,450,143,0,0,0,1,1,3
8,705,160,0,0,0,6,1,5
8,1010,143,0,0,0,4,1,8
8,1160,80,0,0,0,1,0,9
8,1395,143,0,0,0,7,1,11
8,1505,143,0,0,0,0,1,12
8,1683,96,0,0,0,2,0,14
8,1828,77,0,0,0,6,0,15
8,2081,125,0,0,0,7,1,17
8,2195,145,0,0,0,0,1,18
8,2370,110,0,0,0,1,1,19
8,2500,110,0,0,0,6,1,20
8,2630,125,0,0,0,4,1,21
8,2835,140,0,0,0,1,1,23
9,534,120,0,0,0,1,4
9,662,150,0,0,0,1,5
9,1504,87,0,0,0,0,12
9,2098,87,0,0,0,0,17
9,2294,60,0,0,0,0,19
9,2484,60,0,0,0,0,20
9,2684,87,0,0,0,0,22
10,1584,120,1,0,0,1,13
10,1614,150,0,0,0,1,13
10,1660,150,1,0,0,1,13